3
2 3 5
4
1 2 2 6
---
7
1 2 3 4 5 6 7
---
1
1
---
2
2 2
3
1 2 3
---
2
1 1
2
1 2
3
1 1 1
---
4
3 4 4 4
4
4 4 4 4
---
515
932 647 641 824 577 873 494 676 325 10 722 71 963 202 255 303 756 897 796 128 665 213 577 770 189 916 618 380 90 2 673 376 763 324 929 983 42 950 544 542 420 530 580 225 945 762 233 799 168 600 82 222 842 683 343 33 910 485 77 239 653 500 100 966 894 957 925 111 221 639 747 204 504 255 756 455 371 672 887 997 596 750 392 51 841 531 833 711 16 249 684 170 999 504 63 461 598 618 462 298 577 886 231 860 634 211 66 42 663 621 504 615 840 748 878 206 236 915 762 772 940 710 189 110 120 840 977 893 129 35 316 943 334 601 454 408 83 308 200 505 311 801 469 71 844 882 173 127 205 267 792 273 27 189 752 234 768 66 586 295 656 824 671 223 84 434 125 672 801 347 19 748 401 676 117 709 537 559 477 799 754 221 915 805 371 894 406 335 599 15 891 554 867 417 814 160 788 71 215 402 726 711 30 452 87 677 113 32 61 541 701 981 493 680 612 280 750 920 895 748 797 487 684 558 131 901 209 556 164 865 714 512 241 906 142 304 888 206 609 240 777 474 630 513 325 51 387 147 155 949 298 585 683 18 12 588 262 717 961 523 605 975 174 145 713 554 910 608 155 933 548 693 726 591 919 779 58 711 535 941 793 547 104 38 871 647 180 83 62 425 350 252 31 531 100 70 960 168 756 212 538 35 131 984 698 12 937 12 259 772 609 198 90 403 976 844 346 152 820 715 545 705 991 175 963 395 859 518 13 612 816 509 820 655 349 560 935 745 388 148 634 618 720 79 685 557 219 50 157 811 515 549 409 356 980 572 751 704 541 881 816 102 564 666 81 443 218 101 356 613 151 41 950 600 933 206 666 169 776 248 950 873 177 576 333 532 983 804 581 26 487 248 601 974 645 468 769 13 244 447 632 866 514 789 343 576 408 134 569 518 232 111 439 626 743 252 444 271 142 238 771 505 603 865 280 219 117 938 164 255 257 367 885 334 638 799 245 136 792 340 682 6 579 318 702 789 869 194 856 198 401 322 403 949 817 447 445 414 908 716 842 791 577 325 682 202 859 791 921 377 525 466 205 919 984 397 117 124 538 409 128 593 953 48 692 437 313 95 208 255 122 450 516 982 549 711 575 541 152 30 769 362 536 847 90 594 951 421 195 589 991 905 268 856 325
---
374
715 332 68 813 499 247 53 80 784 647 539 891 503 269 421 315 926 857 401 749 152 184 408 496 297 736 579 89 410 818 77 222 680 279 57 356 720 815 357 804 270 581 310 324 254 799 407 675 314 508 740 79 726 255 900 106 552 395 831 793 371 575 811 343 902 605 309 602 649 206 55 525 704 328 893 334 179 650 68 0 132 422 172 419 99 200 341 603 558 479 393 671 429 210 961 467 854 621 387 455 996 780 257 329 549 383 845 897 844 614 76 628 28 847 217 707 350 510 460 300 341 876 866 881 904 563 966 840 128 976 464 956 442 154 773 753 391 187 576 821 18 581 104 645 770 366 401 246 529 927 143 957 44 577 161 649 547 497 890 320 435 30 494 903 403 736 339 782 164 355 501 746 205 157 911 285 477 812 334 171 954 291 208 551 930 519 966 494 384 901 798 817 841 478 204 1 799 189 849 382 461 73 348 145 949 510 25 531 927 585 167 452 146 627 167 272 384 973 817 840 405 686 609 389 760 729 170 482 53 506 665 971 690 770 158 320 225 297 831 582 246 260 365 120 897 519 922 762 374 924 27 638 643 789 707 843 265 526 513 947 327 95 539 411 683 448 50 176 50 734 944 88 379 53 471 575 735 342 843 643 291 460 219 746 561 937 405 435 548 558 128 826 515 763 685 320 88 51 920 682 641 524 140 912 230 357 501 281 924 729 994 453 345 844 330 779 665 579 710 637 849 152 527 385 482 734 713 457 208 394 209 940 252 163 355 598 750 436 392 302 231 335 829 15 630 212 71 489 425 490 22 369 367 509 695 486 900 329 695 869 932 470 436 584 107 173 222 978 781 961 14 534 161 73
