0.07312
0.00000
---
16.68418
28.52048
26.85924
16.85754
6.36815
8.01294
6.52136
25.56956
17.28785
10.96602
3.80578
5.90394
13.57209
34.59181
17.99869
29.04434
15.03671
57.01732
70.37741
13.00906
19.91027
11.16164
23.03467
15.99458
20.01755
10.83033
47.71095
5.45480
6.03740
9.88727
49.07856
9.74234
57.98071
3.58102
1.20031
31.36570
5.28506
58.80509
6.72721
18.05184
47.98940
35.97573
6.08978
2.35586
6.13482
5.81352
3.09799
12.29761
11.60539
8.49126
11.58496
4.11875
2.71785
16.34876
5.17895
6.44975
4.72963
12.00993
59.01725
2.46295
24.89677
3.13160
20.87453
27.25841
12.92387
39.51053
21.68034
21.89846
1.71122
34.37717
5.42986
19.20194
5.65604
9.61142
8.97325
13.50754
33.74092
8.51665
4.90394
23.81825
4.98344
2.28309
27.19174
8.75898
20.07811
15.43069
45.87155
25.56058
3.64643
10.80885
26.07742
6.93639
23.47820
11.42874
8.57924
5.36105
30.67675
43.91989
13.63948
12.57479
25.13791
36.16660
22.06958
31.14419
1.91140
2.82487
4.00850
13.94930
3.13094
4.19576
7.36347
32.33435
52.01766
24.51355
64.66684
8.88715
41.64038
3.94063
16.46690
37.55078
68.48132
23.84647
11.99115
2.08836
3.30047
3.75668
2.35737
8.44341
20.31538
3.80054
1.08677
46.12889
14.97632
14.90660
27.40020
3.56908
1.76568
16.80414
7.09045
58.48556
5.14573
14.50239
5.10007
20.69126
3.16400
59.48495
1.46603
36.52623
26.82718
51.77125
19.86223
19.84665
12.02643
6.01398
26.17703
4.67465
3.29081
8.46883
2.31664
15.34560
29.92353
53.13671
9.49581
3.15990
9.07893
12.57546
10.60859
14.04246
17.59067
13.89583
44.92427
13.99596
66.32513
48.46203
7.92432
3.17393
25.69953
13.47285
2.78595
7.46106
30.32812
3.41278
7.27773
32.16348
12.19301
45.07081
8.98174
3.35859
54.17634
5.43034
34.03253
22.00424
13.37959
31.40642
5.49320
48.06402
9.68873
3.62319
1.29417
30.38929
5.39555
31.42149
8.46887
11.38502
2.73968
14.44849
3.74886
2.63144
1.95664
21.08911
1.46692
7.01611
26.94239
13.57640
4.71921
34.53314
24.50587
49.18556
34.62336
5.79396
1.90384
8.72663
4.44949
8.19357
59.44598
32.43878
13.48586
25.41149
18.58943
16.61808
35.65562
35.49272
21.49253
13.15570
25.86918
50.98211
25.69303
18.41721
1.74298
11.99276
1.17271
34.98019
23.80279
15.59052
46.86188
3.96647
14.05737
6.11301
1.92151
27.54356
34.84369
18.64976
14.04249
16.35472
16.38931
6.02581
8.80012
15.48487
20.01634
6.90267
31.31901
21.04068
74.19832
7.11938
16.28153
1.98298
12.41072
6.54260
4.25111
50.11473
18.45561
6.28487
7.61072
4.91434
33.50080
7.73600
22.11929
26.15034
15.74240
2.27812
12.08376
18.69313
5.61377
10.69682
12.59278
8.82128
41.29252
8.33609
14.93052
36.32313
1.07978
5.10014
3.41472
40.47466
9.39546
2.57200
1.64020
3.58029
37.81875
13.38051
1.70808
45.68031
14.38819
16.72907
51.79963
56.24813
1.90351
2.33888
4.83206
1.40224
4.08467
7.28609
31.28861
12.87096
8.41461
29.45641
17.92734
65.73095
3.41134
5.27010
20.81560
4.77294
10.44262
35.26118
2.78287
42.32509
28.50896
10.69277
7.19298
28.33749
6.52968
27.49102
8.15902
5.53313
18.14563
9.62464
34.70882
49.86600
4.96548
17.82303
6.62497
29.70125
36.52617
3.67762
11.27938
3.68351
16.54974
11.57846
9.44161
7.34721
6.60947
4.46967
63.77951
1.27460
18.79241
1.96555
11.90429
22.34412
28.31511
8.14342
57.74288
45.87572
34.29881
4.78693
1.52289
7.55655
46.38764
19.59176
29.09008
11.23805
5.37857
1.33975
29.80575
77.34487
3.24888
11.88474
48.18713
10.83058
8.22620
7.25576
60.53168
5.69850
5.68178
31.88813
11.90396
3.75001
57.90433
39.87767
46.87240
4.18301
2.06562
26.42826
3.79935
4.68767
1.78646
29.75514
11.13265
48.69604
14.02098
8.12988
3.93002
26.79927
7.97202
1.56762
1.79774
9.89071
6.99883
11.04917
16.07629
17.71189
9.75131
10.82172
44.42262
49.82353
29.29264
8.80932
21.01566
1.75996
2.48756
32.89172
43.12019
64.36068
16.36800
45.59461
3.66797
11.31084
22.20426
2.23067
7.32401
16.99988
7.79431
6.66005
23.75300
24.84369
11.86153
7.61208
36.03578
22.15077
48.38771
26.81030
40.20598
2.52394
14.16385
3.66580
1.59938
3.74397
5.03247
51.13213
15.81575
1.44247
5.05641
9.65896
37.02288
18.71409
41.55489
13.60576
7.13035
24.23349
3.14557
12.78460
55.52713
22.05932
65.80562
28.97168
42.27380
5.44610
21.35423
3.92549
2.34961
19.37601
4.17806
26.51911
1.27098
25.23293
5.79688
2.72348
4.89567
3.71789
1.41449
16.14789
11.97485
40.60526
10.31642
29.06845
1.46034
12.93038
1.75957
5.00915
36.82430
42.98811
7.41105
17.12494
4.03084
14.89897
5.68024
42.99428
49.78477
1.88003
25.40863
13.54891
20.42687
24.04922
8.55704
3.99122
10.69922
35.52821
47.78271
22.90748
10.75965
43.79302
1.57340
5.88484
8.79904
25.20649
5.77015
39.68894
2.92413
40.84692
34.21584
8.44469
18.33250
25.43892
1.42562
34.62674
20.11960
30.64981
12.52776
3.70102
21.36210
23.23106
62.04511
35.04557
3.44461
2.77237
12.45289
33.64641
20.50770
50.80748
46.58836
3.38104
7.98580
11.01703
15.38820
19.83697
1.71315
21.92846
9.84908
16.39406
43.08931
2.35679
19.49508
7.64842
1.46847
20.26832
27.27899
10.30804
16.03517
52.16999
4.03151
14.50495
1.68140
2.36162
12.69812
13.97683
6.58369
3.97310
20.95040
5.99101
33.49553
7.81965
25.21130
32.13532
6.42341
24.73705
48.06253
30.56019
15.22909
5.86422
3.23975
39.27272
16.47064
14.63737
2.47674
28.97468
13.41576
27.43754
12.21622
11.20865
13.48949
22.56700
10.21537
18.83652
55.51895
40.04494
2.03744
1.41225
10.77083
8.63369
44.72898
1.49513
25.99986
51.63733
21.72778
53.13243
32.90704
27.48828
6.40819
6.62749
3.18557
6.47117
25.57794
3.13589
48.50913
45.04849
2.04172
1.83219
2.55720
43.15552
25.78113
44.23316
10.85884
17.25425
30.38821
7.50142
22.26755
7.83946
22.23555
7.89101
1.38763
6.92770
8.29993
19.35103
1.52687
20.04993
11.76280
35.79756
12.54614
13.81727
55.99029
13.09343
50.55035
2.70574
10.96740
1.13746
17.47954
1.90717
14.61515
5.68311
1.81140
29.54453
27.57955
5.37233
7.24847
2.46232
27.19419
39.54449
12.12347
13.37085
9.10456
14.77380
15.98334
18.74824
7.10983
17.36859
8.15440
3.49398
20.92488
24.27604
12.10941
8.31121
2.28267
19.99308
21.13254
30.69875
16.58175
23.03025
2.23699
12.64533
35.79018
39.11018
20.14012
15.16120
47.94941
2.41683
21.79390
14.04054
7.95666
11.76405
27.32403
14.02890
21.27423
3.19721
32.45833
66.67694
13.47524
8.93360
6.23892
21.14572
45.55239
51.37140
14.46357
30.62541
2.74791
4.50595
16.15950
3.66997
24.41587
31.80443
7.38514
6.66050
30.39285
5.60318
37.03975
38.37168
33.55666
51.96472
1.33881
7.74395
2.54779
26.40106
22.11515
31.56743
23.17125
35.02066
49.21444
18.84996
8.91908
30.30847
10.21537
20.82537
13.89158
3.39673
28.53069
5.78761
23.09110
7.44897
3.04919
1.81236
31.90297
3.90131
41.04113
2.09637
6.53861
20.98982
1.63411
2.77429
11.75026
33.53675
40.59617
31.01568
3.79500
1.80579
10.78151
6.82456
65.91185
9.33687
6.01866
4.56450
55.82850
9.20390
16.08758
12.51606
42.03294
4.12922
6.97323
53.23383
30.61414
6.91449
29.64512
14.87553
2.30601
20.82042
7.56862
23.18193
6.90617
1.92961
3.55346
3.14536
5.16875
2.27069
14.67915
20.83380
15.38217
2.18109
8.59726
29.98377
5.50298
14.28664
61.58440
3.44940
12.98940
42.53100
1.87346
10.86445
30.89484
59.43816
3.92747
4.99313
15.19822
40.91952
5.58921
25.60427
3.14768
4.49749
3.66858
10.57852
7.40528
18.36495
5.31215
2.73122
49.59120
24.42449
2.76151
45.76765
57.03145
3.50566
1.73469
11.88086
2.41266
12.61532
66.25087
5.40956
31.57963
17.80914
26.21100
5.62200
1.46353
33.29440
14.20208
1.41874
1.79919
7.66714
14.96722
57.39317
20.72693
6.04526
6.99420
3.19290
18.37949
61.70951
2.95481
9.10445
13.31417
2.52105
7.48739
22.34982
30.91702
33.94477
5.83209
6.05156
1.81531
2.24586
12.48560
1.72867
8.39984
47.73723
11.92459
62.88172
11.44003
5.82407
29.78450
8.08377
26.93010
10.04606
2.47244
7.92699
29.92976
23.40319
4.46437
2.96211
31.67587
45.10964
11.14672
4.19020
40.25447
34.47602
1.75436
10.70424
28.34274
1.45737
2.80330
4.71127
62.30335
10.12983
2.42459
16.42733
5.58880
23.97465
6.71610
13.52990
11.89815
8.30478
14.58866
5.64834
5.88436
21.49983
2.28751
14.46949
18.52206
20.62754
38.16876
4.25715
25.55550
35.38608
13.37206
15.23532
1.78091
9.46521
1.87786
15.34202
24.89516
45.85228
31.61871
17.62905
11.46803
13.37059
17.04665
15.98132
32.89701
4.44313
3.26820
40.49170
44.90854
4.75380
2.06265
30.26186
20.38877
21.57304
29.84709
1.27705
9.92352
43.45131
23.57716
4.32809
12.12187
5.54424
11.87466
1.34741
9.73521
8.44615
19.48885
8.97654
47.19976
7.42038
32.20083
9.26576
44.66020
1.39953
7.43556
13.99076
53.48889
3.59278
1.45367
52.06389
5.08019
21.08811
6.67945
7.21419
37.17439
31.84775
15.73893
2.69736
12.49630
29.46801
1.73579
21.23847
13.77143
5.10246
2.14108
35.08844
2.71527
21.75571
23.38135
43.56393
16.35958
18.75924
5.09412
8.54768
45.15549
10.80422
6.51417
3.59012
13.92364
32.46628
7.21066
23.43924
3.63431
44.37804
10.96496
1.32019
23.03916
32.61594
26.52710
9.64581
17.44611
18.02076
24.29006
16.75866
26.56875
27.27429
